ZTF26abgifgv
ZTF26abgiupf
ZTF26abgkquu
170653051815723042
ZTF26abewstc
ZTF26abeziup
ZTF26abfaduz
ZTF26abfasfu
ZTF26abfezrd
ZTF26abfezve
ZTF26abffgxx
ZTF26abffznt
ZTF26abflqjy
170587105501118527
170587105504264378
170587106677620876
170587108626923620
170587109417549919
170587110577275294
170587110605062535
170587110880313598
170587111150846233
170587111282966595
170587111282967248
170587111282967408
170587111297646669
170587111301841054
170587111634239751
170587112172159043
170587112512421945
170587114852843794
170587115138056413
170587116402639088
170587116542099607
170591522698821961
170591522735521972
170591523116154905
170591523116679320
170591542476014093
170604718362460516
