170666209899970677
170666254681506209
170587105330201809
170587105501118527
170587105522614599
170587105889091860
170587105890140450
170587105908490260
170587105910063350
170587105994997858
170587106001813719
170587106017542203
170587106203140340
170587109929779268
170587110068191244
170587110069764226
170587110471368970
170587110502301992
170587110503350539
170587110577275294
170587110597197982
170587110601392394
170587110605062535
170587111127253326
170587111150846233
170587111282967408
170587111294501009
170587111297646669
170587111301841054
170587111304986835
170587111317569634
170587111634239751
170587111637909524
170587111815120209
170587111816167502
170587111824031913
