ZTF26abfilzj
ZTF26abfjhsi
ZTF26abfjjfn
ZTF26abfjqsh
170635499768643735
170635500915785765
170635501220921803
170635513319915807
ZTF26abekjzj
170587105231634535
170587105268334746
170587105370571144
170587105462846091
170587105524711539
170587105525236027
170587105884897414
170587105930510526
170587105994473569
170587106182693217
170587106203664730
170587106204713076
170587106590589060
170587106607366299
170587106702786820
170587106702786836
170587106709078289
170587106709602498
170587106730573991
170587108569251844
